2048 1
50609.000000 
51253.000000 
49316.000000 
49099.000000 
50415.000000 
52360.000000 
50367.000000 
50404.000000 
50654.000000 
51056.000000 
50213.000000 
50603.000000 
50496.000000 
50557.000000 
50998.000000 
50723.000000 
52616.000000 
49520.000000 
50147.000000 
51128.000000 
51117.000000 
51633.000000 
52721.000000 
49654.000000 
50315.000000 
50489.000000 
51094.000000 
50812.000000 
50239.000000 
49733.000000 
50078.000000 
51191.000000 
50970.000000 
51935.000000 
51383.000000 
51459.000000 
51896.000000 
51740.000000 
52127.000000 
50756.000000 
48978.000000 
51423.000000 
50525.000000 
49412.000000 
51033.000000 
50367.000000 
50653.000000 
50625.000000 
50920.000000 
52058.000000 
52412.000000 
50318.000000 
50476.000000 
50709.000000 
52887.000000 
50073.000000 
51202.000000 
49990.000000 
50972.000000 
49347.000000 
51414.000000 
50547.000000 
52606.000000 
51093.000000 
50824.000000 
50972.000000 
50254.000000 
49687.000000 
51672.000000 
51603.000000 
51074.000000 
50127.000000 
50579.000000 
52280.000000 
50286.000000 
51646.000000 
49435.000000 
49881.000000 
50902.000000 
50707.000000 
51032.000000 
50907.000000 
51297.000000 
51418.000000 
49745.000000 
51254.000000 
50757.000000 
49571.000000 
52332.000000 
50428.000000 
51223.000000 
51223.000000 
52336.000000 
49789.000000 
50682.000000 
50784.000000 
51084.000000 
50082.000000 
50118.000000 
51363.000000 
50589.000000 
50824.000000 
50098.000000 
50629.000000 
50238.000000 
49482.000000 
51080.000000 
50410.000000 
50734.000000 
49457.000000 
51586.000000 
49953.000000 
51565.000000 
52962.000000 
51323.000000 
49542.000000 
49312.000000 
51023.000000 
51153.000000 
51787.000000 
50840.000000 
50300.000000 
50590.000000 
50567.000000 
49908.000000 
51331.000000 
50038.000000 
49312.000000 
50961.000000 
52406.000000 
51352.000000 
50475.000000 
49578.000000 
50751.000000 
51321.000000 
50716.000000 
50213.000000 
49992.000000 
50262.000000 
50993.000000 
51850.000000 
51092.000000 
50345.000000 
51125.000000 
50018.000000 
50748.000000 
50987.000000 
50209.000000 
52591.000000 
50402.000000 
48862.000000 
51933.000000 
52635.000000 
50393.000000 
52240.000000 
49919.000000 
51594.000000 
50911.000000 
50437.000000 
52277.000000 
51283.000000 
51127.000000 
50675.000000 
50703.000000 
50672.000000 
50569.000000 
50276.000000 
51534.000000 
49983.000000 
50806.000000 
50955.000000 
51739.000000 
51007.000000 
50422.000000 
49830.000000 
50335.000000 
50677.000000 
52407.000000 
50110.000000 
49402.000000 
49887.000000 
50571.000000 
49558.000000 
51653.000000 
51395.000000 
52004.000000 
51011.000000 
50986.000000 
51540.000000 
51161.000000 
50112.000000 
52288.000000 
50868.000000 
52361.000000 
50569.000000 
48800.000000 
50300.000000 
52028.000000 
49333.000000 
50375.000000 
51518.000000 
50113.000000 
50762.000000 
51905.000000 
51852.000000 
51260.000000 
51537.000000 
49567.000000 
50984.000000 
50374.000000 
50640.000000 
50349.000000 
49908.000000 
49841.000000 
51477.000000 
51346.000000 
50506.000000 
51523.000000 
50466.000000 
50251.000000 
52011.000000 
50745.000000 
52303.000000 
50704.000000 
51472.000000 
52141.000000 
51813.000000 
51369.000000 
50064.000000 
51679.000000 
50144.000000 
49579.000000 
49083.000000 
50546.000000 
50853.000000 
51870.000000 
52094.000000 
50459.000000 
52969.000000 
51770.000000 
49928.000000 
50092.000000 
50590.000000 
50578.000000 
51761.000000 
50095.000000 
51274.000000 
50527.000000 
50960.000000 
51863.000000 
49689.000000 
51971.000000 
50979.000000 
51354.000000 
51128.000000 
50948.000000 
52216.000000 
51025.000000 
50900.000000 
50648.000000 
50562.000000 
50901.000000 
50938.000000 
51697.000000 
50154.000000 
51015.000000 
50752.000000 
48696.000000 
49940.000000 
49796.000000 
49425.000000 
50881.000000 
50725.000000 
50864.000000 
51374.000000 
51012.000000 
49717.000000 
52754.000000 
51478.000000 
50670.000000 
50730.000000 
51285.000000 
51222.000000 
50904.000000 
51642.000000 
51270.000000 
50050.000000 
50921.000000 
49389.000000 
51128.000000 
49232.000000 
49830.000000 
50355.000000 
51163.000000 
50384.000000 
49652.000000 
50757.000000 
50280.000000 
51700.000000 
51250.000000 
51117.000000 
50863.000000 
52132.000000 
50891.000000 
50577.000000 
50787.000000 
50857.000000 
49768.000000 
51293.000000 
49758.000000 
49610.000000 
48895.000000 
49948.000000 
51452.000000 
50358.000000 
50974.000000 
51167.000000 
51679.000000 
49961.000000 
51913.000000 
50347.000000 
50762.000000 
50186.000000 
49849.000000 
50958.000000 
50812.000000 
50930.000000 
51387.000000 
50917.000000 
48850.000000 
50930.000000 
50401.000000 
50404.000000 
51054.000000 
51062.000000 
50416.000000 
51352.000000 
50871.000000 
50833.000000 
50476.000000 
50157.000000 
52414.000000 
51401.000000 
50303.000000 
50730.000000 
51351.000000 
50552.000000 
51567.000000 
49847.000000 
49314.000000 
49657.000000 
49846.000000 
50536.000000 
50881.000000 
50000.000000 
50817.000000 
50356.000000 
49833.000000 
50395.000000 
52160.000000 
50172.000000 
52542.000000 
50149.000000 
51071.000000 
49576.000000 
52171.000000 
49875.000000 
50741.000000 
51365.000000 
51517.000000 
51709.000000 
50116.000000 
51611.000000 
50357.000000 
49044.000000 
51732.000000 
51648.000000 
49720.000000 
51571.000000 
51438.000000 
50573.000000 
50374.000000 
50922.000000 
50218.000000 
50701.000000 
50369.000000 
49986.000000 
51241.000000 
51694.000000 
50671.000000 
50759.000000 
50446.000000 
49018.000000 
51560.000000 
50384.000000 
50717.000000 
49482.000000 
50564.000000 
50870.000000 
51018.000000 
50790.000000 
50602.000000 
50739.000000 
51858.000000 
50255.000000 
51508.000000 
51521.000000 
50637.000000 
52320.000000 
51656.000000 
50880.000000 
50233.000000 
50706.000000 
52128.000000 
50575.000000 
49324.000000 
51206.000000 
50176.000000 
51965.000000 
51857.000000 
51438.000000 
49959.000000 
50965.000000 
51083.000000 
51896.000000 
49943.000000 
51784.000000 
50119.000000 
50485.000000 
50884.000000 
50420.000000 
51981.000000 
51414.000000 
49773.000000 
49836.000000 
52366.000000 
50307.000000 
51299.000000 
51284.000000 
51581.000000 
51037.000000 
50728.000000 
50637.000000 
51885.000000 
50322.000000 
51017.000000 
49242.000000 
50982.000000 
50341.000000 
51368.000000 
51201.000000 
51400.000000 
50203.000000 
50036.000000 
52462.000000 
51268.000000 
49297.000000 
51272.000000 
50426.000000 
50783.000000 
50441.000000 
49140.000000 
51117.000000 
51060.000000 
50035.000000 
49894.000000 
50499.000000 
51090.000000 
51540.000000 
52434.000000 
50749.000000 
52135.000000 
50073.000000 
51208.000000 
50876.000000 
51510.000000 
50451.000000 
49912.000000 
48933.000000 
49949.000000 
49619.000000 
52679.000000 
51496.000000 
49739.000000 
51697.000000 
52149.000000 
50799.000000 
50345.000000 
50527.000000 
50141.000000 
50786.000000 
49880.000000 
52014.000000 
50947.000000 
51216.000000 
52253.000000 
49941.000000 
51090.000000 
50572.000000 
51226.000000 
49614.000000 
50870.000000 
52164.000000 
50758.000000 
50887.000000 
49128.000000 
50875.000000 
52336.000000 
50843.000000 
50173.000000 
52278.000000 
50273.000000 
51779.000000 
50443.000000 
50128.000000 
50440.000000 
51638.000000 
50573.000000 
51801.000000 
50716.000000 
50992.000000 
51859.000000 
52341.000000 
50689.000000 
51954.000000 
50443.000000 
52245.000000 
50509.000000 
51827.000000 
50276.000000 
50550.000000 
51795.000000 
49887.000000 
49791.000000 
50844.000000 
52105.000000 
49964.000000 
50433.000000 
49813.000000 
49867.000000 
50187.000000 
50343.000000 
52128.000000 
51079.000000 
51476.000000 
51531.000000 
51728.000000 
51163.000000 
50638.000000 
51613.000000 
51027.000000 
51525.000000 
51090.000000 
51822.000000 
51406.000000 
51379.000000 
50661.000000 
50443.000000 
50671.000000 
51081.000000 
49772.000000 
51074.000000 
50977.000000 
50791.000000 
51645.000000 
49970.000000 
51439.000000 
51170.000000 
51021.000000 
51185.000000 
51380.000000 
49646.000000 
50648.000000 
49732.000000 
51856.000000 
50051.000000 
52040.000000 
50624.000000 
50050.000000 
52172.000000 
51609.000000 
51151.000000 
51603.000000 
51857.000000 
50080.000000 
50299.000000 
49643.000000 
49848.000000 
50696.000000 
50321.000000 
51164.000000 
50979.000000 
50517.000000 
49367.000000 
51091.000000 
52070.000000 
51071.000000 
51218.000000 
50211.000000 
51468.000000 
48882.000000 
50271.000000 
49868.000000 
50510.000000 
51705.000000 
50632.000000 
51251.000000 
49783.000000 
52044.000000 
49764.000000 
53152.000000 
52648.000000 
52285.000000 
51468.000000 
51079.000000 
50924.000000 
50760.000000 
51167.000000 
50143.000000 
50974.000000 
50560.000000 
51474.000000 
50940.000000 
53188.000000 
50846.000000 
50201.000000 
50805.000000 
49552.000000 
50958.000000 
51036.000000 
50566.000000 
51097.000000 
50100.000000 
53303.000000 
51673.000000 
49889.000000 
50908.000000 
52085.000000 
51214.000000 
51740.000000 
50597.000000 
48847.000000 
48907.000000 
51274.000000 
51518.000000 
50529.000000 
51625.000000 
51901.000000 
50275.000000 
51635.000000 
52188.000000 
50149.000000 
51621.000000 
50526.000000 
49710.000000 
52160.000000 
49880.000000 
50750.000000 
49323.000000 
50173.000000 
50186.000000 
50177.000000 
50620.000000 
49945.000000 
51115.000000 
50612.000000 
49797.000000 
51764.000000 
51154.000000 
49625.000000 
51421.000000 
49798.000000 
49112.000000 
48871.000000 
50902.000000 
50107.000000 
50759.000000 
51172.000000 
51311.000000 
50379.000000 
50358.000000 
51046.000000 
51458.000000 
49690.000000 
51688.000000 
51211.000000 
50655.000000 
51429.000000 
49112.000000 
50365.000000 
51954.000000 
49639.000000 
51812.000000 
51674.000000 
51252.000000 
50346.000000 
51674.000000 
50461.000000 
51340.000000 
51955.000000 
51179.000000 
52110.000000 
51109.000000 
52546.000000 
50001.000000 
49653.000000 
50752.000000 
51346.000000 
50249.000000 
51502.000000 
49656.000000 
49440.000000 
51001.000000 
50866.000000 
51857.000000 
50858.000000 
51187.000000 
51172.000000 
51549.000000 
50859.000000 
52165.000000 
51045.000000 
50443.000000 
49390.000000 
52359.000000 
49733.000000 
50925.000000 
50035.000000 
49976.000000 
52290.000000 
51308.000000 
51598.000000 
50203.000000 
50770.000000 
50515.000000 
51328.000000 
50855.000000 
50204.000000 
53175.000000 
52105.000000 
51892.000000 
50848.000000 
50441.000000 
50315.000000 
51240.000000 
50812.000000 
51104.000000 
50903.000000 
49925.000000 
49563.000000 
51069.000000 
50424.000000 
50100.000000 
50747.000000 
49942.000000 
51475.000000 
51550.000000 
51402.000000 
49734.000000 
50842.000000 
49338.000000 
50692.000000 
51030.000000 
52050.000000 
50063.000000 
50916.000000 
50989.000000 
48902.000000 
49437.000000 
52339.000000 
52457.000000 
50367.000000 
51469.000000 
49659.000000 
49160.000000 
50488.000000 
51158.000000 
50994.000000 
50028.000000 
51249.000000 
49180.000000 
50677.000000 
49514.000000 
50868.000000 
52189.000000 
49366.000000 
51019.000000 
51745.000000 
51221.000000 
50154.000000 
52205.000000 
51455.000000 
50743.000000 
51818.000000 
50180.000000 
50837.000000 
51343.000000 
51094.000000 
50659.000000 
51829.000000 
52833.000000 
51506.000000 
50047.000000 
52499.000000 
49928.000000 
50751.000000 
50006.000000 
50813.000000 
51562.000000 
51159.000000 
49980.000000 
48731.000000 
50706.000000 
49849.000000 
50200.000000 
51542.000000 
49419.000000 
50352.000000 
50863.000000 
52115.000000 
50301.000000 
51428.000000 
50104.000000 
50671.000000 
50988.000000 
51279.000000 
51137.000000 
51771.000000 
50459.000000 
49542.000000 
50815.000000 
50496.000000 
51318.000000 
50469.000000 
52548.000000 
50463.000000 
51071.000000 
51938.000000 
51489.000000 
51913.000000 
51618.000000 
51655.000000 
49909.000000 
50080.000000 
49508.000000 
51756.000000 
49759.000000 
51189.000000 
50793.000000 
50866.000000 
50878.000000 
51625.000000 
52735.000000 
49913.000000 
49583.000000 
51453.000000 
50117.000000 
49496.000000 
51275.000000 
50988.000000 
51132.000000 
51084.000000 
50776.000000 
50677.000000 
50927.000000 
51627.000000 
51108.000000 
50972.000000 
50258.000000 
50157.000000 
49612.000000 
50838.000000 
49712.000000 
50443.000000 
51433.000000 
51145.000000 
50135.000000 
50237.000000 
51028.000000 
51232.000000 
49846.000000 
50396.000000 
50802.000000 
51107.000000 
50546.000000 
50262.000000 
50247.000000 
52178.000000 
50108.000000 
52208.000000 
48875.000000 
49515.000000 
49691.000000 
51565.000000 
49977.000000 
49984.000000 
51633.000000 
51250.000000 
49378.000000 
51698.000000 
50770.000000 
50508.000000 
50869.000000 
50679.000000 
51430.000000 
50646.000000 
50788.000000 
51311.000000 
49705.000000 
49673.000000 
50045.000000 
50942.000000 
51148.000000 
50111.000000 
51402.000000 
50151.000000 
49240.000000 
50076.000000 
50925.000000 
49662.000000 
50118.000000 
50521.000000 
52238.000000 
51230.000000 
50911.000000 
50442.000000 
51515.000000 
50574.000000 
50893.000000 
51609.000000 
50581.000000 
50591.000000 
51126.000000 
50194.000000 
52614.000000 
49554.000000 
50851.000000 
51624.000000 
51510.000000 
51232.000000 
50206.000000 
51726.000000 
51701.000000 
47860.000000 
50632.000000 
49633.000000 
51228.000000 
48628.000000 
51809.000000 
50908.000000 
50154.000000 
51084.000000 
51103.000000 
50536.000000 
50177.000000 
50196.000000 
49632.000000 
49610.000000 
51220.000000 
51647.000000 
50459.000000 
49805.000000 
50312.000000 
50159.000000 
51577.000000 
50649.000000 
50657.000000 
50339.000000 
48271.000000 
51368.000000 
50460.000000 
51478.000000 
49968.000000 
50528.000000 
50288.000000 
51365.000000 
50778.000000 
52033.000000 
52415.000000 
50301.000000 
50891.000000 
51384.000000 
49121.000000 
51382.000000 
50181.000000 
50555.000000 
50737.000000 
51029.000000 
51662.000000 
51047.000000 
50162.000000 
50268.000000 
51753.000000 
51353.000000 
50055.000000 
49993.000000 
50446.000000 
51138.000000 
50990.000000 
50571.000000 
50611.000000 
50696.000000 
51625.000000 
50201.000000 
51058.000000 
51044.000000 
49721.000000 
49755.000000 
49804.000000 
50012.000000 
50492.000000 
51611.000000 
51121.000000 
50257.000000 
49712.000000 
52057.000000 
49334.000000 
48912.000000 
51645.000000 
50766.000000 
51572.000000 
49758.000000 
52484.000000 
51050.000000 
49857.000000 
50899.000000 
51192.000000 
50680.000000 
50478.000000 
50419.000000 
50224.000000 
50524.000000 
52144.000000 
49703.000000 
50132.000000 
51077.000000 
50895.000000 
49068.000000 
49716.000000 
52071.000000 
49906.000000 
51883.000000 
50321.000000 
49977.000000 
51555.000000 
51249.000000 
50698.000000 
51905.000000 
51149.000000 
50139.000000 
50782.000000 
49189.000000 
52011.000000 
51198.000000 
50142.000000 
50275.000000 
49596.000000 
50418.000000 
50337.000000 
49998.000000 
51763.000000 
50960.000000 
52099.000000 
51140.000000 
49252.000000 
51535.000000 
52500.000000 
53554.000000 
49070.000000 
50811.000000 
51423.000000 
51341.000000 
51330.000000 
49296.000000 
50922.000000 
51430.000000 
50382.000000 
50168.000000 
51873.000000 
50431.000000 
51007.000000 
49632.000000 
51581.000000 
51761.000000 
50407.000000 
50524.000000 
49766.000000 
51015.000000 
49878.000000 
50262.000000 
50134.000000 
50868.000000 
51062.000000 
49687.000000 
49955.000000 
52053.000000 
50459.000000 
49587.000000 
50358.000000 
49759.000000 
50558.000000 
51405.000000 
51836.000000 
52644.000000 
50629.000000 
50486.000000 
50227.000000 
50839.000000 
50620.000000 
50725.000000 
51514.000000 
49722.000000 
50233.000000 
49571.000000 
50899.000000 
50481.000000 
52008.000000 
50911.000000 
50161.000000 
50492.000000 
50071.000000 
51409.000000 
50024.000000 
51482.000000 
50307.000000 
50451.000000 
51841.000000 
50737.000000 
51714.000000 
50864.000000 
50098.000000 
50580.000000 
49546.000000 
50816.000000 
49444.000000 
49847.000000 
49486.000000 
49636.000000 
51831.000000 
49944.000000 
51163.000000 
50627.000000 
50329.000000 
51060.000000 
49817.000000 
51637.000000 
50295.000000 
50021.000000 
51947.000000 
51796.000000 
50757.000000 
50760.000000 
51581.000000 
49693.000000 
50708.000000 
50579.000000 
51630.000000 
50158.000000 
49153.000000 
50672.000000 
50670.000000 
50141.000000 
50632.000000 
51186.000000 
48590.000000 
51334.000000 
50141.000000 
50649.000000 
49867.000000 
51771.000000 
50496.000000 
51259.000000 
51479.000000 
51640.000000 
51934.000000 
49761.000000 
50685.000000 
48523.000000 
51027.000000 
51061.000000 
49822.000000 
50018.000000 
51796.000000 
51133.000000 
50244.000000 
49385.000000 
50865.000000 
51892.000000 
50362.000000 
52102.000000 
51016.000000 
52345.000000 
51071.000000 
50076.000000 
51712.000000 
51611.000000 
51563.000000 
51420.000000 
48895.000000 
50710.000000 
51149.000000 
51205.000000 
51375.000000 
50349.000000 
50987.000000 
50762.000000 
50502.000000 
49643.000000 
50355.000000 
51163.000000 
50568.000000 
51009.000000 
49909.000000 
50523.000000 
50508.000000 
50451.000000 
51592.000000 
51556.000000 
50002.000000 
52680.000000 
50049.000000 
51127.000000 
51240.000000 
50197.000000 
51377.000000 
50591.000000 
49999.000000 
50267.000000 
51279.000000 
49844.000000 
50934.000000 
50523.000000 
49728.000000 
50713.000000 
50948.000000 
51657.000000 
50123.000000 
51127.000000 
51083.000000 
50473.000000 
50170.000000 
50231.000000 
50389.000000 
50513.000000 
50767.000000 
50831.000000 
50675.000000 
51112.000000 
52225.000000 
48557.000000 
50912.000000 
50241.000000 
50434.000000 
51835.000000 
51083.000000 
50548.000000 
51616.000000 
51363.000000 
50918.000000 
50140.000000 
50638.000000 
51543.000000 
50683.000000 
49622.000000 
50047.000000 
50999.000000 
50883.000000 
51355.000000 
48997.000000 
49917.000000 
50991.000000 
51453.000000 
51218.000000 
50756.000000 
49743.000000 
51202.000000 
50314.000000 
51114.000000 
50805.000000 
50522.000000 
50186.000000 
51163.000000 
51533.000000 
49991.000000 
50465.000000 
51327.000000 
49702.000000 
49940.000000 
51939.000000 
52318.000000 
51338.000000 
51041.000000 
51246.000000 
51096.000000 
50616.000000 
50751.000000 
52028.000000 
50728.000000 
50074.000000 
50806.000000 
50908.000000 
50825.000000 
51100.000000 
50767.000000 
50738.000000 
50868.000000 
51270.000000 
50417.000000 
49849.000000 
50752.000000 
51431.000000 
50675.000000 
51606.000000 
51316.000000 
49515.000000 
50427.000000 
50949.000000 
51462.000000 
50601.000000 
50946.000000 
50548.000000 
51676.000000 
50363.000000 
50502.000000 
51694.000000 
50988.000000 
50954.000000 
51490.000000 
50259.000000 
50758.000000 
50951.000000 
50131.000000 
50381.000000 
50049.000000 
51051.000000 
50106.000000 
50010.000000 
50348.000000 
51072.000000 
50464.000000 
50681.000000 
50960.000000 
49860.000000 
51780.000000 
51002.000000 
50763.000000 
51822.000000 
52471.000000 
50510.000000 
50609.000000 
51466.000000 
49786.000000 
52077.000000 
49419.000000 
49689.000000 
50267.000000 
50457.000000 
51694.000000 
50736.000000 
52876.000000 
51004.000000 
51834.000000 
50092.000000 
51590.000000 
51060.000000 
50242.000000 
50163.000000 
51405.000000 
50834.000000 
50756.000000 
51843.000000 
50781.000000 
50036.000000 
50624.000000 
51991.000000 
50269.000000 
50257.000000 
49679.000000 
49040.000000 
51067.000000 
50721.000000 
52537.000000 
49816.000000 
50294.000000 
50516.000000 
50970.000000 
50073.000000 
49930.000000 
50700.000000 
52294.000000 
49449.000000 
50687.000000 
52049.000000 
49514.000000 
51131.000000 
51276.000000 
50142.000000 
51919.000000 
52005.000000 
50072.000000 
51496.000000 
51156.000000 
51606.000000 
51245.000000 
51244.000000 
51602.000000 
50492.000000 
50611.000000 
51676.000000 
51599.000000 
51445.000000 
51576.000000 
52985.000000 
50804.000000 
51111.000000 
50867.000000 
51237.000000 
51574.000000 
52844.000000 
51742.000000 
49287.000000 
50055.000000 
50895.000000 
49953.000000 
52045.000000 
49932.000000 
50438.000000 
51401.000000 
51401.000000 
50307.000000 
51603.000000 
51424.000000 
51024.000000 
49635.000000 
49269.000000 
51776.000000 
49825.000000 
51623.000000 
51311.000000 
50194.000000 
50439.000000 
50855.000000 
50999.000000 
50062.000000 
51036.000000 
52494.000000 
50219.000000 
50755.000000 
50611.000000 
50950.000000 
50924.000000 
50185.000000 
50244.000000 
52211.000000 
51267.000000 
51694.000000 
50621.000000 
51146.000000 
50664.000000 
49672.000000 
50920.000000 
50925.000000 
49662.000000 
50008.000000 
50709.000000 
50486.000000 
50645.000000 
51208.000000 
51982.000000 
51603.000000 
50038.000000 
49909.000000 
51446.000000 
50975.000000 
51593.000000 
50878.000000 
49430.000000 
49952.000000 
51802.000000 
50806.000000 
50298.000000 
53313.000000 
50464.000000 
50004.000000 
51438.000000 
50486.000000 
50714.000000 
50986.000000 
51204.000000 
48865.000000 
50730.000000 
51205.000000 
51145.000000 
51833.000000 
50450.000000 
52083.000000 
51533.000000 
51483.000000 
51321.000000 
50879.000000 
50713.000000 
49526.000000 
50702.000000 
50371.000000 
50792.000000 
51133.000000 
50840.000000 
51502.000000 
52095.000000 
51246.000000 
52985.000000 
51143.000000 
50475.000000 
50666.000000 
51185.000000 
51097.000000 
49923.000000 
50048.000000 
50702.000000 
50344.000000 
51111.000000 
52112.000000 
50203.000000 
51303.000000 
51169.000000 
51366.000000 
51948.000000 
51170.000000 
50691.000000 
51891.000000 
50452.000000 
50182.000000 
51155.000000 
51487.000000 
51715.000000 
50739.000000 
50567.000000 
53163.000000 
50031.000000 
52667.000000 
51899.000000 
51884.000000 
51900.000000 
51771.000000 
50922.000000 
51456.000000 
49105.000000 
51370.000000 
52309.000000 
51237.000000 
50767.000000 
51195.000000 
52015.000000 
50932.000000 
51972.000000 
52070.000000 
50311.000000 
50078.000000 
49869.000000 
51966.000000 
52011.000000 
50259.000000 
52503.000000 
48804.000000 
51669.000000 
50748.000000 
51572.000000 
49746.000000 
50569.000000 
51053.000000 
51559.000000 
51234.000000 
50770.000000 
50450.000000 
52114.000000 
49933.000000 
50492.000000 
50838.000000 
51203.000000 
50219.000000 
52254.000000 
51340.000000 
50034.000000 
51764.000000 
52135.000000 
50133.000000 
49633.000000 
49805.000000 
51621.000000 
50734.000000 
50987.000000 
49793.000000 
50809.000000 
51169.000000 
50397.000000 
50486.000000 
49943.000000 
51226.000000 
51704.000000 
49317.000000 
50762.000000 
52221.000000 
51042.000000 
50992.000000 
51758.000000 
49771.000000 
49732.000000 
51693.000000 
51783.000000 
50375.000000 
51882.000000 
50972.000000 
50339.000000 
52327.000000 
51673.000000 
51145.000000 
50326.000000 
50942.000000 
50441.000000 
50802.000000 
49662.000000 
50371.000000 
50379.000000 
50861.000000 
49835.000000 
50807.000000 
50805.000000 
50396.000000 
51761.000000 
50705.000000 
51397.000000 
50833.000000 
51518.000000 
50752.000000 
50972.000000 
49449.000000 
51015.000000 
51395.000000 
50900.000000 
50953.000000 
50486.000000 
51105.000000 
51102.000000 
50514.000000 
51538.000000 
51133.000000 
50404.000000 
51328.000000 
50065.000000 
51563.000000 
50507.000000 
50596.000000 
51119.000000 
49962.000000 
49795.000000 
51383.000000 
51514.000000 
49405.000000 
51332.000000 
51594.000000 
51054.000000 
49870.000000 
50061.000000 
52255.000000 
50871.000000 
51133.000000 
49536.000000 
49924.000000 
52378.000000 
50460.000000 
51122.000000 
50761.000000 
52077.000000 
51622.000000 
50695.000000 
51702.000000 
51995.000000 
51514.000000 
50202.000000 
50180.000000 
49476.000000 
50604.000000 
50555.000000 
50407.000000 
50749.000000 
49566.000000 
51550.000000 
50184.000000 
51242.000000 
50746.000000 
50852.000000 
51512.000000 
50607.000000 
50806.000000 
49949.000000 
52141.000000 
51170.000000 
51595.000000 
50553.000000 
49836.000000 
49827.000000 
49639.000000 
50800.000000 
50173.000000 
51175.000000 
49992.000000 
51108.000000 
50487.000000 
50326.000000 
51352.000000 
50815.000000 
50796.000000 
50690.000000 
50554.000000 
50228.000000 
50728.000000 
49533.000000 
50247.000000 
52585.000000 
51015.000000 
49538.000000 
49731.000000 
50455.000000 
49090.000000 
50049.000000 
50693.000000 
50492.000000 
51189.000000 
50630.000000 
51313.000000 
51402.000000 
52842.000000 
50542.000000 
50257.000000 
49742.000000 
51442.000000 
51603.000000 
50819.000000 
50912.000000 
51348.000000 
50462.000000 
50208.000000 
52412.000000 
51315.000000 
50786.000000 
51455.000000 
50900.000000 
52253.000000 
50262.000000 
50429.000000 
50676.000000 
49983.000000 
51500.000000 
51775.000000 
50526.000000 
50630.000000 
50965.000000 
48886.000000 
50276.000000 
51004.000000 
52238.000000 
49819.000000 
49236.000000 
51544.000000 
50857.000000 
51342.000000 
50287.000000 
53483.000000 
49132.000000 
51442.000000 
50967.000000 
50609.000000 
50936.000000 
50757.000000 
49831.000000 
52025.000000 
51389.000000 
50548.000000 
50132.000000 
51883.000000 
49589.000000 
51441.000000 
50601.000000 
49799.000000 
49534.000000 
49867.000000 
50365.000000 
50763.000000 
50036.000000 
50789.000000 
51736.000000 
50853.000000 
48946.000000 
50945.000000 
51971.000000 
50817.000000 
50836.000000 
50426.000000 
49907.000000 
52012.000000 
52876.000000 
51111.000000 
51404.000000 
50128.000000 
51079.000000 
51298.000000 
51056.000000 
51189.000000 
50756.000000 
51328.000000 
50270.000000 
50847.000000 
52162.000000 
49902.000000 
50290.000000 
51055.000000 
50234.000000 
50955.000000 
51138.000000 
51368.000000 
51044.000000 
51576.000000 
50690.000000 
49594.000000 
49986.000000 
50118.000000 
50047.000000 
51630.000000 
51194.000000 
49843.000000 
50337.000000 
51347.000000 
52105.000000 
50257.000000 
51160.000000 
49043.000000 
49495.000000 
51600.000000 
49331.000000 
51552.000000 
50753.000000 
50193.000000 
49610.000000 
51918.000000 
50723.000000 
49223.000000 
51146.000000 
49969.000000 
51240.000000 
50012.000000 
51520.000000 
51459.000000 
50311.000000 
50597.000000 
50909.000000 
49970.000000 
49452.000000 
50653.000000 
51430.000000 
52103.000000 
50896.000000 
52605.000000 
50206.000000 
49830.000000 
50549.000000 
51468.000000 
49575.000000 
51222.000000 
49316.000000 
49933.000000 
51129.000000 
49406.000000 
51324.000000 
51816.000000 
50916.000000 
50147.000000 
50303.000000 
49865.000000 
51020.000000 
49351.000000 
50790.000000 
50460.000000 
49560.000000 
50844.000000 
51905.000000 
51272.000000 
51692.000000 
49725.000000 
50866.000000 
51552.000000 
51096.000000 
50554.000000 
51716.000000 
51201.000000 
49603.000000 
50566.000000 
50661.000000 
50607.000000 
50264.000000 
51713.000000 
51730.000000 
50954.000000 
52110.000000 
50801.000000 
50079.000000 
52662.000000 
50536.000000 
51038.000000 
51053.000000 
51457.000000 
50385.000000 
49374.000000 
50270.000000 
51152.000000 
51052.000000 
50443.000000 
50214.000000 
50154.000000 
50041.000000 
50397.000000 
50334.000000 
51502.000000 
51176.000000 
51560.000000 
50921.000000 
50443.000000 
50602.000000 
50891.000000 
50580.000000 
51444.000000 
49879.000000 
49706.000000 
51401.000000 
52719.000000 
52568.000000 
51514.000000 
50757.000000 
51100.000000 
51396.000000 
50275.000000 
50452.000000 
51524.000000 
51376.000000 
50626.000000 
49986.000000 
50060.000000 
50597.000000 
51356.000000 
51511.000000 
50280.000000 
51415.000000 
51157.000000 
51257.000000 
51355.000000 
52125.000000 
50982.000000 
50065.000000 
52284.000000 
50359.000000 
49855.000000 
49609.000000 
51895.000000 
51278.000000 
50723.000000 
51136.000000 
50843.000000 
50883.000000 
49339.000000 
51132.000000 
49979.000000 
50307.000000 
50729.000000 
51845.000000 
51021.000000 
50104.000000 
50718.000000 
49604.000000 
49670.000000 
51055.000000 
50219.000000 
51115.000000 
51532.000000 
52227.000000 
52000.000000 
50168.000000 
50072.000000 
50480.000000 
52298.000000 
51828.000000 
52226.000000 
50759.000000 
51270.000000 
51443.000000 
50362.000000 
50871.000000 
49754.000000 
51908.000000 
50529.000000 
51279.000000 
49441.000000 
51564.000000 
50382.000000 
52660.000000 
52366.000000 
50225.000000 
51166.000000 
50906.000000 
51979.000000 
51028.000000 
51501.000000 
51020.000000 
50868.000000 
51111.000000 
51302.000000 
50942.000000 
49444.000000 
51108.000000 
50914.000000 
49704.000000 
51217.000000 
50804.000000 
49245.000000 
51244.000000 
51042.000000 
49819.000000 
50565.000000 
50099.000000 
51159.000000 
49976.000000 
51187.000000 
50262.000000 
51360.000000 
50301.000000 
50329.000000 
51348.000000 
48492.000000 
51069.000000 
49385.000000 
51482.000000 
50879.000000 
50429.000000 
49946.000000 
50355.000000 
51913.000000 
50412.000000 
51508.000000 
50596.000000 
50469.000000 
