1000 1
6358.000000 
6360.000000 
6505.000000 
6389.000000 
5943.000000 
6269.000000 
6361.000000 
6301.000000 
5945.000000 
6352.000000 
6137.000000 
6398.000000 
6759.000000 
6434.000000 
6334.000000 
6245.000000 
6244.000000 
6327.000000 
6602.000000 
6409.000000 
6342.000000 
6359.000000 
6087.000000 
6415.000000 
6408.000000 
6199.000000 
6189.000000 
5994.000000 
6305.000000 
6429.000000 
6482.000000 
6270.000000 
6344.000000 
6248.000000 
6429.000000 
6415.000000 
6458.000000 
6595.000000 
6339.000000 
5942.000000 
6274.000000 
6439.000000 
5846.000000 
6180.000000 
6428.000000 
6218.000000 
6374.000000 
6131.000000 
6221.000000 
5821.000000 
6269.000000 
6225.000000 
6184.000000 
6439.000000 
6563.000000 
6216.000000 
6598.000000 
6199.000000 
6234.000000 
6307.000000 
6134.000000 
6410.000000 
6460.000000 
6380.000000 
6339.000000 
6144.000000 
6313.000000 
6307.000000 
6362.000000 
6409.000000 
6368.000000 
6405.000000 
6179.000000 
6290.000000 
5954.000000 
6206.000000 
6513.000000 
6303.000000 
6375.000000 
6465.000000 
6045.000000 
6387.000000 
6257.000000 
6125.000000 
6240.000000 
6541.000000 
6295.000000 
6194.000000 
6201.000000 
5933.000000 
6085.000000 
6308.000000 
6249.000000 
6234.000000 
6287.000000 
6320.000000 
6466.000000 
6152.000000 
6256.000000 
6253.000000 
6383.000000 
6109.000000 
6430.000000 
6117.000000 
6353.000000 
6243.000000 
6343.000000 
6441.000000 
6095.000000 
6514.000000 
6275.000000 
6221.000000 
6409.000000 
6023.000000 
6152.000000 
6351.000000 
5949.000000 
6151.000000 
6634.000000 
6196.000000 
6560.000000 
6036.000000 
6185.000000 
6275.000000 
6230.000000 
6309.000000 
5891.000000 
6207.000000 
6644.000000 
6563.000000 
6364.000000 
6395.000000 
6331.000000 
6209.000000 
6199.000000 
6293.000000 
6343.000000 
6424.000000 
6186.000000 
6055.000000 
6349.000000 
6121.000000 
6344.000000 
6054.000000 
6289.000000 
6287.000000 
6263.000000 
6210.000000 
6281.000000 
6378.000000 
6090.000000 
6447.000000 
6314.000000 
6244.000000 
6188.000000 
6556.000000 
6090.000000 
6212.000000 
6562.000000 
6424.000000 
6227.000000 
6342.000000 
6393.000000 
6312.000000 
6217.000000 
6398.000000 
6463.000000 
6432.000000 
6433.000000 
6177.000000 
6554.000000 
6195.000000 
6054.000000 
6198.000000 
6297.000000 
6339.000000 
6220.000000 
6448.000000 
6287.000000 
6706.000000 
6310.000000 
6570.000000 
6292.000000 
6543.000000 
6308.000000 
6381.000000 
6021.000000 
6123.000000 
6291.000000 
6159.000000 
6329.000000 
6463.000000 
6327.000000 
6342.000000 
6501.000000 
6066.000000 
6361.000000 
6223.000000 
6570.000000 
5934.000000 
6404.000000 
6416.000000 
6149.000000 
6385.000000 
6168.000000 
6264.000000 
6271.000000 
6050.000000 
6479.000000 
6276.000000 
6229.000000 
5922.000000 
6161.000000 
6355.000000 
6387.000000 
6587.000000 
6105.000000 
6421.000000 
6472.000000 
6403.000000 
6450.000000 
6270.000000 
6532.000000 
6339.000000 
6153.000000 
6278.000000 
6198.000000 
6608.000000 
6451.000000 
5818.000000 
6296.000000 
6211.000000 
6240.000000 
6320.000000 
6418.000000 
6273.000000 
6469.000000 
6279.000000 
6356.000000 
6208.000000 
6023.000000 
6117.000000 
6078.000000 
6373.000000 
6382.000000 
6588.000000 
6446.000000 
6214.000000 
6308.000000 
6333.000000 
6099.000000 
6366.000000 
6421.000000 
6440.000000 
6086.000000 
6296.000000 
6327.000000 
6488.000000 
6419.000000 
6310.000000 
6137.000000 
6193.000000 
6310.000000 
6434.000000 
6401.000000 
6313.000000 
6409.000000 
6335.000000 
6340.000000 
6281.000000 
6355.000000 
6266.000000 
6381.000000 
6542.000000 
6194.000000 
6284.000000 
6278.000000 
6433.000000 
6447.000000 
6452.000000 
6307.000000 
6321.000000 
6552.000000 
6199.000000 
6021.000000 
6250.000000 
6291.000000 
6335.000000 
6200.000000 
6339.000000 
6707.000000 
6296.000000 
6215.000000 
6252.000000 
6408.000000 
5989.000000 
6124.000000 
6011.000000 
6187.000000 
6046.000000 
5927.000000 
6429.000000 
6353.000000 
6337.000000 
6250.000000 
6356.000000 
6134.000000 
6509.000000 
6152.000000 
6358.000000 
5799.000000 
6280.000000 
6205.000000 
6417.000000 
6199.000000 
6569.000000 
6168.000000 
6468.000000 
6418.000000 
6306.000000 
6074.000000 
6314.000000 
6227.000000 
6542.000000 
6447.000000 
6206.000000 
6386.000000 
6327.000000 
6479.000000 
6722.000000 
5994.000000 
6379.000000 
6332.000000 
6423.000000 
6383.000000 
6126.000000 
6559.000000 
6123.000000 
6455.000000 
6426.000000 
6146.000000 
6198.000000 
6227.000000 
6314.000000 
6322.000000 
6470.000000 
6274.000000 
6202.000000 
6684.000000 
6241.000000 
6392.000000 
6337.000000 
6335.000000 
6162.000000 
6380.000000 
6226.000000 
6434.000000 
6327.000000 
5890.000000 
6225.000000 
6394.000000 
6292.000000 
6313.000000 
6484.000000 
6271.000000 
6316.000000 
6070.000000 
6363.000000 
6525.000000 
6356.000000 
6238.000000 
6458.000000 
6261.000000 
6399.000000 
6578.000000 
6055.000000 
6023.000000 
6311.000000 
6013.000000 
6211.000000 
6387.000000 
6423.000000 
6516.000000 
6161.000000 
6100.000000 
6049.000000 
6290.000000 
6258.000000 
6230.000000 
6032.000000 
5984.000000 
6353.000000 
6598.000000 
6233.000000 
6553.000000 
6152.000000 
6283.000000 
6295.000000 
6431.000000 
6035.000000 
6162.000000 
6286.000000 
6402.000000 
6368.000000 
6223.000000 
6341.000000 
6412.000000 
6428.000000 
6364.000000 
6095.000000 
6484.000000 
6364.000000 
6321.000000 
6401.000000 
6262.000000 
6539.000000 
6346.000000 
6517.000000 
6521.000000 
6261.000000 
6215.000000 
6217.000000 
6363.000000 
6441.000000 
6157.000000 
5983.000000 
6195.000000 
6267.000000 
6489.000000 
6194.000000 
6183.000000 
6339.000000 
6246.000000 
6429.000000 
6142.000000 
6481.000000 
6350.000000 
6398.000000 
6132.000000 
6199.000000 
5979.000000 
6256.000000 
6356.000000 
6374.000000 
6230.000000 
6521.000000 
6267.000000 
6218.000000 
6377.000000 
6288.000000 
6596.000000 
6384.000000 
6377.000000 
6347.000000 
6357.000000 
6324.000000 
6341.000000 
6116.000000 
6232.000000 
6224.000000 
6471.000000 
6380.000000 
6451.000000 
6341.000000 
6590.000000 
6253.000000 
6230.000000 
6309.000000 
6464.000000 
6188.000000 
6379.000000 
6507.000000 
6239.000000 
6255.000000 
6657.000000 
6364.000000 
6437.000000 
6441.000000 
6395.000000 
6573.000000 
6623.000000 
6385.000000 
6053.000000 
6192.000000 
6247.000000 
5982.000000 
6304.000000 
6322.000000 
6406.000000 
6345.000000 
6117.000000 
6373.000000 
6349.000000 
6308.000000 
6600.000000 
6251.000000 
6373.000000 
6132.000000 
6190.000000 
6404.000000 
6324.000000 
6426.000000 
5977.000000 
6351.000000 
6162.000000 
6293.000000 
6314.000000 
6291.000000 
6556.000000 
6427.000000 
6466.000000 
6410.000000 
6435.000000 
6320.000000 
6367.000000 
6095.000000 
6474.000000 
6327.000000 
6265.000000 
6175.000000 
6221.000000 
6218.000000 
6186.000000 
6360.000000 
6721.000000 
6210.000000 
6215.000000 
6414.000000 
6003.000000 
6316.000000 
6379.000000 
6352.000000 
6086.000000 
6564.000000 
6611.000000 
6186.000000 
6418.000000 
6388.000000 
6296.000000 
6236.000000 
6191.000000 
6283.000000 
6293.000000 
6585.000000 
6313.000000 
5998.000000 
6354.000000 
6283.000000 
6361.000000 
6308.000000 
6112.000000 
6177.000000 
6255.000000 
6394.000000 
6171.000000 
6602.000000 
6082.000000 
6391.000000 
6333.000000 
5971.000000 
6514.000000 
6123.000000 
6200.000000 
6438.000000 
6404.000000 
6265.000000 
6314.000000 
6383.000000 
6120.000000 
6168.000000 
6295.000000 
6448.000000 
6143.000000 
6376.000000 
6168.000000 
5970.000000 
6337.000000 
6508.000000 
6124.000000 
6195.000000 
6389.000000 
6373.000000 
6021.000000 
6615.000000 
6409.000000 
6133.000000 
6297.000000 
6151.000000 
6166.000000 
6290.000000 
6548.000000 
6154.000000 
6480.000000 
6117.000000 
6470.000000 
6522.000000 
6362.000000 
6454.000000 
6219.000000 
6146.000000 
6350.000000 
6366.000000 
6381.000000 
6441.000000 
6573.000000 
6141.000000 
6539.000000 
6329.000000 
6227.000000 
6020.000000 
6222.000000 
6298.000000 
6493.000000 
6427.000000 
6487.000000 
6167.000000 
6436.000000 
6392.000000 
6639.000000 
6551.000000 
6500.000000 
6236.000000 
6199.000000 
6182.000000 
6610.000000 
6307.000000 
6357.000000 
6537.000000 
6440.000000 
6552.000000 
6271.000000 
6312.000000 
6418.000000 
6159.000000 
6242.000000 
6257.000000 
6257.000000 
6139.000000 
5983.000000 
6198.000000 
6247.000000 
6278.000000 
6275.000000 
6500.000000 
6255.000000 
6417.000000 
6088.000000 
6482.000000 
6199.000000 
6183.000000 
6324.000000 
6311.000000 
5991.000000 
6295.000000 
6243.000000 
6307.000000 
6478.000000 
6108.000000 
6366.000000 
6265.000000 
6424.000000 
6438.000000 
6291.000000 
6365.000000 
6550.000000 
6157.000000 
6202.000000 
6517.000000 
6349.000000 
6420.000000 
5897.000000 
6085.000000 
6408.000000 
6292.000000 
6658.000000 
6275.000000 
6329.000000 
6221.000000 
6351.000000 
6361.000000 
6165.000000 
6338.000000 
6177.000000 
6548.000000 
6112.000000 
6279.000000 
6031.000000 
5973.000000 
6263.000000 
6516.000000 
6272.000000 
6484.000000 
6173.000000 
6358.000000 
6254.000000 
6296.000000 
6282.000000 
6400.000000 
6338.000000 
6283.000000 
6164.000000 
6422.000000 
6368.000000 
6297.000000 
6562.000000 
6482.000000 
6337.000000 
6721.000000 
6291.000000 
6415.000000 
6215.000000 
6286.000000 
6516.000000 
6159.000000 
6442.000000 
6291.000000 
6442.000000 
6329.000000 
5810.000000 
6441.000000 
5981.000000 
6246.000000 
6295.000000 
6169.000000 
6484.000000 
6100.000000 
6408.000000 
6424.000000 
6535.000000 
6271.000000 
6444.000000 
6458.000000 
6292.000000 
6255.000000 
6251.000000 
6198.000000 
6166.000000 
6223.000000 
6218.000000 
6115.000000 
6351.000000 
6598.000000 
5904.000000 
6575.000000 
6306.000000 
5991.000000 
6200.000000 
6250.000000 
6329.000000 
6194.000000 
6423.000000 
6410.000000 
6433.000000 
5851.000000 
6619.000000 
6458.000000 
6355.000000 
6418.000000 
6384.000000 
5978.000000 
6109.000000 
6494.000000 
6306.000000 
6269.000000 
6492.000000 
6356.000000 
5912.000000 
6483.000000 
6262.000000 
6627.000000 
6125.000000 
6568.000000 
6354.000000 
6314.000000 
6273.000000 
5995.000000 
6177.000000 
6260.000000 
6435.000000 
6145.000000 
6246.000000 
6339.000000 
6384.000000 
6286.000000 
6230.000000 
6434.000000 
6439.000000 
6360.000000 
6513.000000 
6411.000000 
6461.000000 
6087.000000 
6516.000000 
6089.000000 
6334.000000 
6225.000000 
6290.000000 
6270.000000 
6612.000000 
6436.000000 
6283.000000 
6354.000000 
6394.000000 
6584.000000 
6532.000000 
6014.000000 
6060.000000 
6417.000000 
6063.000000 
6242.000000 
6134.000000 
6479.000000 
6181.000000 
6621.000000 
6230.000000 
6175.000000 
6334.000000 
6294.000000 
6306.000000 
6457.000000 
6349.000000 
6270.000000 
6333.000000 
6517.000000 
6322.000000 
6419.000000 
6281.000000 
6385.000000 
6246.000000 
6376.000000 
6749.000000 
6222.000000 
6425.000000 
6273.000000 
6497.000000 
6346.000000 
6423.000000 
6571.000000 
6240.000000 
5968.000000 
6123.000000 
6505.000000 
6192.000000 
6333.000000 
6162.000000 
6340.000000 
6293.000000 
6457.000000 
6469.000000 
5973.000000 
6375.000000 
6531.000000 
6355.000000 
6155.000000 
6455.000000 
6249.000000 
6443.000000 
6209.000000 
6407.000000 
6584.000000 
6483.000000 
6428.000000 
6394.000000 
6125.000000 
6285.000000 
5945.000000 
6578.000000 
6767.000000 
6312.000000 
6362.000000 
5820.000000 
6276.000000 
6052.000000 
6324.000000 
6284.000000 
6559.000000 
6521.000000 
6188.000000 
6532.000000 
6235.000000 
6082.000000 
6439.000000 
6295.000000 
6408.000000 
6248.000000 
6089.000000 
6434.000000 
6245.000000 
6131.000000 
6340.000000 
6350.000000 
6298.000000 
6265.000000 
6343.000000 
6365.000000 
6379.000000 
6121.000000 
6701.000000 
6706.000000 
6479.000000 
6297.000000 
6167.000000 
6493.000000 
6113.000000 
6265.000000 
6425.000000 
6354.000000 
6321.000000 
6501.000000 
6148.000000 
6596.000000 
6429.000000 
6270.000000 
6268.000000 
6153.000000 
6508.000000 
6588.000000 
6387.000000 
6497.000000 
6083.000000 
5967.000000 
6500.000000 
6260.000000 
6374.000000 
6390.000000 
6450.000000 
6332.000000 
6227.000000 
6365.000000 
6419.000000 
6367.000000 
6557.000000 
6548.000000 
6127.000000 
6444.000000 
6289.000000 
6190.000000 
6116.000000 
6325.000000 
6407.000000 
6214.000000 
6462.000000 
5734.000000 
6504.000000 
6450.000000 
6066.000000 
6585.000000 
6497.000000 
6453.000000 
6306.000000 
6341.000000 
6309.000000 
6328.000000 
6535.000000 
6247.000000 
6365.000000 
6571.000000 
6368.000000 
6151.000000 
6152.000000 
6511.000000 
6257.000000 
6338.000000 
6225.000000 
6339.000000 
6043.000000 
6400.000000 
6470.000000 
6211.000000 
6311.000000 
6635.000000 
6447.000000 
6395.000000 
6318.000000 
6235.000000 
6514.000000 
6285.000000 
6132.000000 
6168.000000 
6446.000000 
6165.000000 
6158.000000 
6299.000000 
6377.000000 
6052.000000 
6589.000000 
6170.000000 
6347.000000 
6109.000000 
6399.000000 
6437.000000 
6428.000000 
6396.000000 
6276.000000 
6313.000000 
6321.000000 
6387.000000 
6350.000000 
6293.000000 
6657.000000 
