2500 1
63038.000000 
62384.000000 
62475.000000 
62180.000000 
62623.000000 
62907.000000 
61508.000000 
60835.000000 
64308.000000 
61133.000000 
62730.000000 
63131.000000 
62093.000000 
61317.000000 
61798.000000 
63485.000000 
63566.000000 
62704.000000 
60752.000000 
63316.000000 
61345.000000 
62924.000000 
63089.000000 
60694.000000 
61734.000000 
62344.000000 
61716.000000 
62370.000000 
62848.000000 
62520.000000 
62138.000000 
62383.000000 
62804.000000 
61590.000000 
62109.000000 
60948.000000 
62649.000000 
62154.000000 
63286.000000 
61990.000000 
62684.000000 
62869.000000 
62939.000000 
62883.000000 
62652.000000 
61450.000000 
61538.000000 
61349.000000 
62097.000000 
62463.000000 
62904.000000 
62463.000000 
62885.000000 
61948.000000 
61859.000000 
62358.000000 
60603.000000 
61211.000000 
61427.000000 
62143.000000 
61312.000000 
61810.000000 
61792.000000 
61353.000000 
62258.000000 
64387.000000 
62365.000000 
62449.000000 
61148.000000 
64124.000000 
61255.000000 
61334.000000 
61667.000000 
62693.000000 
62614.000000 
61754.000000 
63014.000000 
61887.000000 
64107.000000 
61961.000000 
61100.000000 
62106.000000 
61156.000000 
62321.000000 
62673.000000 
62117.000000 
63165.000000 
62513.000000 
62502.000000 
63188.000000 
62995.000000 
63913.000000 
63742.000000 
61728.000000 
61866.000000 
61706.000000 
60921.000000 
60359.000000 
63322.000000 
62502.000000 
60608.000000 
59824.000000 
61301.000000 
64443.000000 
62225.000000 
61200.000000 
62120.000000 
61734.000000 
62332.000000 
62262.000000 
63255.000000 
64095.000000 
63911.000000 
62631.000000 
60957.000000 
60706.000000 
62206.000000 
63266.000000 
61699.000000 
62498.000000 
62102.000000 
60408.000000 
60902.000000 
63231.000000 
63195.000000 
61700.000000 
60502.000000 
62299.000000 
62047.000000 
62023.000000 
61527.000000 
62155.000000 
62536.000000 
62013.000000 
62113.000000 
62327.000000 
61511.000000 
63168.000000 
62258.000000 
62616.000000 
61768.000000 
63351.000000 
63092.000000 
61008.000000 
61293.000000 
62491.000000 
62967.000000 
62191.000000 
61119.000000 
61085.000000 
62744.000000 
61751.000000 
62796.000000 
60564.000000 
61873.000000 
62419.000000 
62337.000000 
60639.000000 
61429.000000 
61489.000000 
62278.000000 
62082.000000 
63065.000000 
61495.000000 
62509.000000 
60982.000000 
62144.000000 
63255.000000 
65063.000000 
60673.000000 
63953.000000 
61681.000000 
62565.000000 
62256.000000 
62357.000000 
62030.000000 
61039.000000 
62139.000000 
63645.000000 
63807.000000 
61102.000000 
60231.000000 
61330.000000 
61615.000000 
63573.000000 
62626.000000 
61144.000000 
62051.000000 
62301.000000 
61664.000000 
63051.000000 
62115.000000 
60947.000000 
63371.000000 
62331.000000 
62350.000000 
61613.000000 
64089.000000 
61655.000000 
62072.000000 
62858.000000 
61460.000000 
61211.000000 
62479.000000 
62828.000000 
61493.000000 
61338.000000 
62235.000000 
62391.000000 
62077.000000 
61831.000000 
61156.000000 
63012.000000 
62774.000000 
62231.000000 
62169.000000 
61181.000000 
61720.000000 
63242.000000 
60683.000000 
63936.000000 
61760.000000 
64399.000000 
62316.000000 
62582.000000 
61335.000000 
63452.000000 
60298.000000 
61099.000000 
63574.000000 
61882.000000 
62464.000000 
62917.000000 
61605.000000 
61858.000000 
63581.000000 
62148.000000 
63449.000000 
60253.000000 
62861.000000 
62026.000000 
62072.000000 
61448.000000 
60456.000000 
61298.000000 
61083.000000 
61716.000000 
61747.000000 
62877.000000 
61785.000000 
61411.000000 
62016.000000 
62286.000000 
61052.000000 
61495.000000 
63586.000000 
61685.000000 
62023.000000 
62691.000000 
62188.000000 
60690.000000 
60304.000000 
61733.000000 
62203.000000 
63041.000000 
62399.000000 
62973.000000 
61400.000000 
62895.000000 
62919.000000 
63689.000000 
60705.000000 
61736.000000 
61529.000000 
61861.000000 
63072.000000 
62917.000000 
62362.000000 
62993.000000 
62428.000000 
62400.000000 
63220.000000 
62199.000000 
59845.000000 
60869.000000 
63626.000000 
62361.000000 
63133.000000 
62776.000000 
62290.000000 
64017.000000 
63159.000000 
63537.000000 
63615.000000 
62926.000000 
60978.000000 
61845.000000 
61502.000000 
62821.000000 
60816.000000 
62756.000000 
62334.000000 
62796.000000 
61679.000000 
63481.000000 
63270.000000 
61774.000000 
60747.000000 
60920.000000 
62166.000000 
62118.000000 
62924.000000 
62441.000000 
63203.000000 
62673.000000 
61940.000000 
60869.000000 
62698.000000 
62648.000000 
62039.000000 
62094.000000 
62835.000000 
62206.000000 
62772.000000 
62206.000000 
61698.000000 
62299.000000 
61336.000000 
60842.000000 
61516.000000 
64119.000000 
61877.000000 
61349.000000 
60377.000000 
62292.000000 
63244.000000 
62584.000000 
60407.000000 
61481.000000 
64086.000000 
61493.000000 
63159.000000 
63408.000000 
62060.000000 
62351.000000 
63533.000000 
62694.000000 
63751.000000 
63229.000000 
60185.000000 
62064.000000 
61999.000000 
61780.000000 
63771.000000 
62165.000000 
60659.000000 
61977.000000 
61871.000000 
61762.000000 
64474.000000 
60513.000000 
62538.000000 
61387.000000 
62177.000000 
63645.000000 
62444.000000 
62175.000000 
62818.000000 
60906.000000 
62597.000000 
61713.000000 
61900.000000 
62955.000000 
61462.000000 
61328.000000 
62205.000000 
61819.000000 
61997.000000 
61607.000000 
63486.000000 
63049.000000 
62274.000000 
62130.000000 
64315.000000 
61627.000000 
62718.000000 
62795.000000 
61525.000000 
62816.000000 
62688.000000 
62464.000000 
61024.000000 
60819.000000 
60716.000000 
61513.000000 
63053.000000 
62276.000000 
62165.000000 
62831.000000 
62448.000000 
62220.000000 
60845.000000 
61902.000000 
63553.000000 
62503.000000 
62559.000000 
60263.000000 
62238.000000 
59923.000000 
62057.000000 
62353.000000 
61993.000000 
62161.000000 
59837.000000 
63173.000000 
61789.000000 
61107.000000 
64529.000000 
62332.000000 
64322.000000 
60580.000000 
61918.000000 
61198.000000 
63805.000000 
61243.000000 
61565.000000 
62566.000000 
60845.000000 
59949.000000 
62422.000000 
60777.000000 
63796.000000 
61119.000000 
62951.000000 
62422.000000 
62212.000000 
61382.000000 
63408.000000 
62802.000000 
60319.000000 
61308.000000 
61079.000000 
63791.000000 
62212.000000 
63048.000000 
61612.000000 
61419.000000 
62167.000000 
61621.000000 
61872.000000 
62384.000000 
61373.000000 
61234.000000 
61455.000000 
59260.000000 
62748.000000 
60977.000000 
62750.000000 
62633.000000 
62125.000000 
62576.000000 
62373.000000 
61647.000000 
62294.000000 
61892.000000 
61769.000000 
61659.000000 
60494.000000 
61815.000000 
62274.000000 
61622.000000 
63076.000000 
61897.000000 
63540.000000 
61936.000000 
62111.000000 
64200.000000 
62262.000000 
62795.000000 
61775.000000 
63031.000000 
62392.000000 
63213.000000 
63367.000000 
61643.000000 
62756.000000 
62003.000000 
61587.000000 
61319.000000 
63194.000000 
61368.000000 
62095.000000 
61800.000000 
61505.000000 
62574.000000 
61429.000000 
61913.000000 
60568.000000 
63144.000000 
62974.000000 
60762.000000 
62168.000000 
61460.000000 
60762.000000 
61765.000000 
61515.000000 
62807.000000 
64378.000000 
61397.000000 
62114.000000 
62017.000000 
60882.000000 
61946.000000 
59403.000000 
62154.000000 
61290.000000 
63392.000000 
62256.000000 
63019.000000 
61578.000000 
63422.000000 
62880.000000 
60991.000000 
61867.000000 
61881.000000 
62834.000000 
62112.000000 
64677.000000 
61405.000000 
62514.000000 
63349.000000 
60101.000000 
61876.000000 
62647.000000 
61341.000000 
62514.000000 
63429.000000 
61038.000000 
62192.000000 
61844.000000 
63271.000000 
62635.000000 
61507.000000 
62702.000000 
61601.000000 
64894.000000 
63425.000000 
64061.000000 
63333.000000 
59578.000000 
61480.000000 
62030.000000 
61747.000000 
62618.000000 
63975.000000 
62074.000000 
61482.000000 
61802.000000 
62721.000000 
62879.000000 
61017.000000 
61720.000000 
63274.000000 
62481.000000 
62080.000000 
62210.000000 
62410.000000 
62611.000000 
61629.000000 
63520.000000 
62857.000000 
63797.000000 
63629.000000 
61395.000000 
60905.000000 
64118.000000 
61563.000000 
63101.000000 
61161.000000 
62323.000000 
63842.000000 
62809.000000 
60519.000000 
61516.000000 
63183.000000 
64176.000000 
62129.000000 
63014.000000 
62467.000000 
63875.000000 
60398.000000 
62169.000000 
61897.000000 
62980.000000 
62572.000000 
62172.000000 
63648.000000 
61833.000000 
61993.000000 
61976.000000 
62423.000000 
62472.000000 
60214.000000 
61926.000000 
61784.000000 
62728.000000 
61851.000000 
64759.000000 
62742.000000 
62139.000000 
60885.000000 
63692.000000 
61729.000000 
60432.000000 
62780.000000 
60969.000000 
63244.000000 
62005.000000 
62763.000000 
61061.000000 
61963.000000 
61116.000000 
62568.000000 
62415.000000 
61830.000000 
62635.000000 
62330.000000 
61063.000000 
62648.000000 
62132.000000 
59957.000000 
62716.000000 
60242.000000 
61600.000000 
61426.000000 
63028.000000 
62621.000000 
60887.000000 
60800.000000 
61560.000000 
61984.000000 
61891.000000 
61920.000000 
63274.000000 
62564.000000 
61603.000000 
60586.000000 
61855.000000 
63932.000000 
61393.000000 
60809.000000 
64285.000000 
62951.000000 
63788.000000 
61631.000000 
61450.000000 
63082.000000 
62110.000000 
62566.000000 
62716.000000 
63021.000000 
62796.000000 
63283.000000 
63244.000000 
60321.000000 
62944.000000 
61275.000000 
62360.000000 
63335.000000 
61992.000000 
60832.000000 
62544.000000 
60799.000000 
59653.000000 
63809.000000 
64148.000000 
60737.000000 
61851.000000 
65200.000000 
62003.000000 
61230.000000 
62038.000000 
61352.000000 
61822.000000 
62993.000000 
62682.000000 
62635.000000 
62617.000000 
63206.000000 
62883.000000 
63531.000000 
61802.000000 
62803.000000 
62404.000000 
60260.000000 
62830.000000 
62276.000000 
61177.000000 
61196.000000 
61473.000000 
62159.000000 
63764.000000 
60739.000000 
61886.000000 
62552.000000 
61863.000000 
64085.000000 
63433.000000 
61898.000000 
62393.000000 
60690.000000 
63161.000000 
63862.000000 
62859.000000 
62828.000000 
61612.000000 
61666.000000 
62685.000000 
62518.000000 
62154.000000 
62398.000000 
63066.000000 
61600.000000 
60637.000000 
60089.000000 
62492.000000 
62134.000000 
63514.000000 
61565.000000 
61009.000000 
61098.000000 
63327.000000 
61772.000000 
63060.000000 
63103.000000 
63703.000000 
62905.000000 
62835.000000 
59921.000000 
62070.000000 
63858.000000 
63649.000000 
62377.000000 
62869.000000 
62634.000000 
63111.000000 
62436.000000 
61889.000000 
61264.000000 
63538.000000 
62948.000000 
62614.000000 
62229.000000 
61662.000000 
62701.000000 
62308.000000 
62574.000000 
63429.000000 
62167.000000 
62426.000000 
63086.000000 
62795.000000 
60872.000000 
62002.000000 
63372.000000 
62298.000000 
62657.000000 
62090.000000 
62409.000000 
63101.000000 
63211.000000 
61774.000000 
62611.000000 
61831.000000 
62924.000000 
62651.000000 
63360.000000 
61781.000000 
61054.000000 
62849.000000 
62776.000000 
60737.000000 
62403.000000 
62447.000000 
62303.000000 
62301.000000 
63044.000000 
62552.000000 
63434.000000 
63065.000000 
61997.000000 
60808.000000 
61776.000000 
62677.000000 
61269.000000 
62971.000000 
63900.000000 
62655.000000 
62131.000000 
62633.000000 
62291.000000 
63331.000000 
59850.000000 
61930.000000 
61347.000000 
62908.000000 
60805.000000 
60776.000000 
60397.000000 
61975.000000 
61782.000000 
61936.000000 
62223.000000 
60530.000000 
62068.000000 
62681.000000 
62375.000000 
62512.000000 
60172.000000 
61652.000000 
60813.000000 
60727.000000 
63637.000000 
60611.000000 
60444.000000 
63191.000000 
62594.000000 
61559.000000 
62017.000000 
60453.000000 
62438.000000 
62212.000000 
62559.000000 
61916.000000 
62988.000000 
62398.000000 
61721.000000 
61254.000000 
63371.000000 
62790.000000 
63774.000000 
62937.000000 
62565.000000 
60134.000000 
60239.000000 
61525.000000 
60792.000000 
62830.000000 
61381.000000 
61474.000000 
63720.000000 
62143.000000 
61936.000000 
63538.000000 
63512.000000 
62586.000000 
63588.000000 
60623.000000 
61896.000000 
60322.000000 
61454.000000 
61882.000000 
61288.000000 
62134.000000 
60867.000000 
61067.000000 
64178.000000 
63178.000000 
61487.000000 
62540.000000 
61366.000000 
61788.000000 
62013.000000 
62386.000000 
61859.000000 
61317.000000 
63320.000000 
61832.000000 
61340.000000 
60527.000000 
62065.000000 
64089.000000 
62404.000000 
61932.000000 
62717.000000 
62819.000000 
61909.000000 
62529.000000 
62249.000000 
61320.000000 
62038.000000 
62601.000000 
62056.000000 
63684.000000 
63023.000000 
60436.000000 
62925.000000 
61636.000000 
60645.000000 
62722.000000 
60504.000000 
62373.000000 
63248.000000 
61544.000000 
62257.000000 
63068.000000 
62717.000000 
62732.000000 
60709.000000 
62637.000000 
61248.000000 
60973.000000 
61241.000000 
62132.000000 
63150.000000 
60020.000000 
61217.000000 
60451.000000 
61506.000000 
62595.000000 
62319.000000 
60788.000000 
61794.000000 
62681.000000 
61283.000000 
61714.000000 
63262.000000 
60561.000000 
62809.000000 
61897.000000 
61644.000000 
62193.000000 
61747.000000 
59834.000000 
62371.000000 
62678.000000 
63334.000000 
62565.000000 
61319.000000 
63113.000000 
64249.000000 
63561.000000 
60839.000000 
61570.000000 
63816.000000 
62785.000000 
62028.000000 
62436.000000 
61430.000000 
62035.000000 
62656.000000 
63229.000000 
62434.000000 
61935.000000 
62165.000000 
62851.000000 
62942.000000 
62325.000000 
60146.000000 
60796.000000 
63104.000000 
62822.000000 
60604.000000 
61785.000000 
60797.000000 
61433.000000 
62157.000000 
63123.000000 
63415.000000 
62690.000000 
62801.000000 
62164.000000 
62663.000000 
61348.000000 
63632.000000 
62047.000000 
61724.000000 
61791.000000 
62593.000000 
61583.000000 
61690.000000 
61728.000000 
61950.000000 
61185.000000 
63254.000000 
60736.000000 
63277.000000 
61270.000000 
63453.000000 
62851.000000 
62361.000000 
60580.000000 
62870.000000 
62003.000000 
62626.000000 
63803.000000 
62682.000000 
60980.000000 
62283.000000 
62003.000000 
62056.000000 
61300.000000 
60847.000000 
60726.000000 
62087.000000 
60297.000000 
62751.000000 
61344.000000 
61485.000000 
61158.000000 
61698.000000 
62711.000000 
63147.000000 
62066.000000 
61860.000000 
63379.000000 
63185.000000 
62277.000000 
60750.000000 
63316.000000 
60422.000000 
60835.000000 
62853.000000 
61235.000000 
60851.000000 
62290.000000 
62407.000000 
63615.000000 
63867.000000 
62821.000000 
63337.000000 
62506.000000 
63341.000000 
62438.000000 
61471.000000 
62109.000000 
60851.000000 
60886.000000 
62056.000000 
62828.000000 
63164.000000 
62288.000000 
64881.000000 
62435.000000 
62119.000000 
62031.000000 
63446.000000 
62114.000000 
61595.000000 
62087.000000 
61615.000000 
62587.000000 
62838.000000 
61578.000000 
62214.000000 
62439.000000 
61260.000000 
62792.000000 
62635.000000 
61008.000000 
62443.000000 
62990.000000 
61804.000000 
63651.000000 
62011.000000 
61681.000000 
62981.000000 
62392.000000 
62551.000000 
59971.000000 
62697.000000 
61806.000000 
61707.000000 
61183.000000 
61786.000000 
62863.000000 
61149.000000 
63518.000000 
62706.000000 
61493.000000 
60823.000000 
63525.000000 
61409.000000 
62082.000000 
61165.000000 
61526.000000 
61785.000000 
61027.000000 
62518.000000 
61397.000000 
63009.000000 
62465.000000 
62578.000000 
61887.000000 
61070.000000 
61543.000000 
63172.000000 
63925.000000 
61983.000000 
62324.000000 
59986.000000 
61704.000000 
62629.000000 
62931.000000 
63582.000000 
62153.000000 
62743.000000 
63465.000000 
61922.000000 
60428.000000 
61929.000000 
62487.000000 
61748.000000 
61624.000000 
62508.000000 
61473.000000 
63033.000000 
61192.000000 
62393.000000 
61362.000000 
61885.000000 
61495.000000 
62842.000000 
62363.000000 
61991.000000 
60823.000000 
62920.000000 
60671.000000 
63733.000000 
61624.000000 
62416.000000 
62437.000000 
61398.000000 
61468.000000 
63566.000000 
61365.000000 
60123.000000 
62341.000000 
60272.000000 
62546.000000 
62192.000000 
60660.000000 
60566.000000 
60528.000000 
62399.000000 
62705.000000 
62276.000000 
64035.000000 
62715.000000 
61568.000000 
61968.000000 
61716.000000 
63235.000000 
62015.000000 
62681.000000 
62324.000000 
61241.000000 
62718.000000 
62358.000000 
61374.000000 
60511.000000 
62931.000000 
62299.000000 
61481.000000 
62651.000000 
60251.000000 
62756.000000 
62079.000000 
62424.000000 
63031.000000 
61966.000000 
63476.000000 
63087.000000 
61578.000000 
59916.000000 
61820.000000 
62826.000000 
61859.000000 
61133.000000 
60806.000000 
61952.000000 
63333.000000 
61083.000000 
62292.000000 
60297.000000 
61501.000000 
62260.000000 
63807.000000 
63274.000000 
63444.000000 
63608.000000 
63039.000000 
60816.000000 
63671.000000 
63714.000000 
61503.000000 
60982.000000 
61179.000000 
62946.000000 
61741.000000 
61744.000000 
61494.000000 
62911.000000 
63262.000000 
61941.000000 
62427.000000 
62701.000000 
62268.000000 
60891.000000 
63364.000000 
63058.000000 
61629.000000 
61139.000000 
63126.000000 
63063.000000 
62109.000000 
61091.000000 
62541.000000 
61101.000000 
60766.000000 
63548.000000 
62847.000000 
60658.000000 
61753.000000 
61224.000000 
62866.000000 
61120.000000 
61116.000000 
61790.000000 
62989.000000 
63201.000000 
62522.000000 
61643.000000 
62896.000000 
62535.000000 
61319.000000 
60176.000000 
62142.000000 
61575.000000 
62121.000000 
62412.000000 
61978.000000 
61684.000000 
61303.000000 
62548.000000 
63564.000000 
61652.000000 
63852.000000 
62264.000000 
62076.000000 
61289.000000 
61936.000000 
62333.000000 
60780.000000 
61514.000000 
64075.000000 
62962.000000 
60999.000000 
60511.000000 
62328.000000 
62290.000000 
62413.000000 
62576.000000 
63425.000000 
62873.000000 
62130.000000 
63346.000000 
62209.000000 
62978.000000 
62352.000000 
63902.000000 
62387.000000 
61744.000000 
63348.000000 
62575.000000 
61113.000000 
62544.000000 
62431.000000 
61275.000000 
63139.000000 
60978.000000 
62518.000000 
61811.000000 
61301.000000 
63689.000000 
63679.000000 
63266.000000 
61201.000000 
61408.000000 
61996.000000 
63250.000000 
62149.000000 
62672.000000 
62866.000000 
61195.000000 
62034.000000 
63360.000000 
60799.000000 
60367.000000 
61973.000000 
61411.000000 
62746.000000 
62060.000000 
61654.000000 
61916.000000 
62941.000000 
62772.000000 
62129.000000 
62464.000000 
60463.000000 
61820.000000 
61375.000000 
62279.000000 
62529.000000 
62887.000000 
62426.000000 
62961.000000 
63878.000000 
62090.000000 
62870.000000 
62375.000000 
60656.000000 
63437.000000 
62101.000000 
63792.000000 
63486.000000 
62573.000000 
62351.000000 
61551.000000 
61336.000000 
63062.000000 
62351.000000 
60614.000000 
62459.000000 
62292.000000 
62453.000000 
63597.000000 
61129.000000 
60233.000000 
60474.000000 
63644.000000 
62163.000000 
63615.000000 
62083.000000 
60751.000000 
63859.000000 
62114.000000 
63066.000000 
61081.000000 
62535.000000 
62128.000000 
62152.000000 
60119.000000 
61403.000000 
60941.000000 
62343.000000 
62023.000000 
61975.000000 
60575.000000 
62709.000000 
62545.000000 
60782.000000 
61206.000000 
62129.000000 
62189.000000 
61525.000000 
62907.000000 
60919.000000 
62892.000000 
62338.000000 
62512.000000 
63587.000000 
62623.000000 
62474.000000 
64620.000000 
63464.000000 
61249.000000 
61454.000000 
62327.000000 
61957.000000 
61943.000000 
62030.000000 
64136.000000 
63205.000000 
63780.000000 
61597.000000 
62176.000000 
61452.000000 
60873.000000 
61696.000000 
63417.000000 
61717.000000 
62239.000000 
61808.000000 
62737.000000 
63541.000000 
61338.000000 
63664.000000 
62308.000000 
63263.000000 
64359.000000 
60353.000000 
62628.000000 
61652.000000 
62297.000000 
61587.000000 
62005.000000 
62037.000000 
62303.000000 
64038.000000 
63032.000000 
61992.000000 
62568.000000 
62029.000000 
61302.000000 
61626.000000 
61548.000000 
64481.000000 
62121.000000 
61782.000000 
61384.000000 
62303.000000 
62317.000000 
63067.000000 
64219.000000 
63465.000000 
62339.000000 
61785.000000 
60748.000000 
62517.000000 
61979.000000 
62667.000000 
60442.000000 
63288.000000 
62615.000000 
61453.000000 
62960.000000 
62151.000000 
61101.000000 
61910.000000 
61299.000000 
62829.000000 
62431.000000 
62744.000000 
62171.000000 
60914.000000 
60465.000000 
61385.000000 
60254.000000 
64002.000000 
63736.000000 
62963.000000 
62155.000000 
61595.000000 
61792.000000 
60310.000000 
61593.000000 
61183.000000 
62652.000000 
63039.000000 
62621.000000 
64550.000000 
60694.000000 
62142.000000 
61428.000000 
62012.000000 
62186.000000 
61560.000000 
62194.000000 
61144.000000 
61656.000000 
61585.000000 
61811.000000 
62029.000000 
63850.000000 
62123.000000 
62675.000000 
61352.000000 
62077.000000 
62253.000000 
63387.000000 
63498.000000 
61548.000000 
61073.000000 
61995.000000 
62903.000000 
62794.000000 
60014.000000 
63372.000000 
63520.000000 
61900.000000 
61606.000000 
64338.000000 
62610.000000 
61580.000000 
60335.000000 
61983.000000 
61742.000000 
62865.000000 
62704.000000 
62901.000000 
61447.000000 
61736.000000 
61993.000000 
62403.000000 
61052.000000 
62408.000000 
61993.000000 
62490.000000 
60631.000000 
61384.000000 
62171.000000 
62613.000000 
61961.000000 
60036.000000 
63502.000000 
60942.000000 
62006.000000 
62544.000000 
63452.000000 
63077.000000 
60613.000000 
61409.000000 
61550.000000 
62326.000000 
61761.000000 
63256.000000 
64595.000000 
64096.000000 
62101.000000 
62239.000000 
63322.000000 
61504.000000 
61660.000000 
60308.000000 
61044.000000 
62260.000000 
63410.000000 
63398.000000 
62329.000000 
62242.000000 
61912.000000 
62405.000000 
62062.000000 
62607.000000 
62176.000000 
61042.000000 
61348.000000 
61498.000000 
63974.000000 
62635.000000 
62036.000000 
61402.000000 
60303.000000 
63310.000000 
63183.000000 
62519.000000 
62754.000000 
62070.000000 
62041.000000 
63313.000000 
61767.000000 
61794.000000 
61332.000000 
62793.000000 
61258.000000 
63047.000000 
62660.000000 
63230.000000 
61575.000000 
62213.000000 
64291.000000 
62880.000000 
64067.000000 
61211.000000 
60663.000000 
60120.000000 
61986.000000 
63744.000000 
62269.000000 
61254.000000 
62963.000000 
62763.000000 
61161.000000 
61265.000000 
61128.000000 
61454.000000 
63094.000000 
62701.000000 
63090.000000 
61852.000000 
63111.000000 
63126.000000 
61015.000000 
62150.000000 
62572.000000 
63385.000000 
62846.000000 
62551.000000 
61209.000000 
61677.000000 
63776.000000 
60489.000000 
60031.000000 
60535.000000 
62028.000000 
61917.000000 
61907.000000 
61833.000000 
64594.000000 
61648.000000 
61366.000000 
62302.000000 
62896.000000 
62247.000000 
62131.000000 
62196.000000 
62835.000000 
61932.000000 
62650.000000 
61865.000000 
63711.000000 
63099.000000 
62587.000000 
62066.000000 
61658.000000 
63561.000000 
61267.000000 
63437.000000 
61670.000000 
59532.000000 
62005.000000 
61757.000000 
61554.000000 
61360.000000 
62673.000000 
63245.000000 
62654.000000 
62633.000000 
61264.000000 
62872.000000 
62541.000000 
60973.000000 
61341.000000 
62194.000000 
63072.000000 
62780.000000 
61335.000000 
62068.000000 
61874.000000 
63670.000000 
64044.000000 
62326.000000 
61848.000000 
62302.000000 
63676.000000 
59643.000000 
60776.000000 
61582.000000 
62165.000000 
60952.000000 
64689.000000 
62074.000000 
61644.000000 
62549.000000 
62953.000000 
61575.000000 
62549.000000 
61244.000000 
62031.000000 
62218.000000 
62134.000000 
61813.000000 
63748.000000 
61238.000000 
61808.000000 
61664.000000 
61684.000000 
62663.000000 
62162.000000 
62798.000000 
60959.000000 
63475.000000 
62095.000000 
61662.000000 
63005.000000 
62031.000000 
61778.000000 
62936.000000 
63019.000000 
62749.000000 
62752.000000 
61600.000000 
61887.000000 
62915.000000 
61364.000000 
62871.000000 
62230.000000 
62463.000000 
60504.000000 
63241.000000 
62473.000000 
61859.000000 
59427.000000 
62405.000000 
61741.000000 
61296.000000 
62571.000000 
62171.000000 
63276.000000 
64118.000000 
62030.000000 
63607.000000 
62056.000000 
63300.000000 
60737.000000 
61120.000000 
62544.000000 
62751.000000 
61544.000000 
62349.000000 
61552.000000 
61207.000000 
63285.000000 
63129.000000 
63117.000000 
61057.000000 
63737.000000 
61949.000000 
61581.000000 
62190.000000 
63077.000000 
62007.000000 
63961.000000 
61332.000000 
62706.000000 
62416.000000 
61101.000000 
61721.000000 
61383.000000 
62842.000000 
62903.000000 
61839.000000 
62754.000000 
63299.000000 
62985.000000 
62719.000000 
61469.000000 
61817.000000 
63419.000000 
61589.000000 
62667.000000 
63016.000000 
62736.000000 
61650.000000 
61313.000000 
63681.000000 
61185.000000 
63688.000000 
61586.000000 
63142.000000 
61391.000000 
61094.000000 
63344.000000 
62108.000000 
62806.000000 
62452.000000 
61012.000000 
61093.000000 
60244.000000 
62203.000000 
63524.000000 
62348.000000 
63372.000000 
60889.000000 
61665.000000 
63195.000000 
61213.000000 
61666.000000 
61310.000000 
63115.000000 
63086.000000 
61341.000000 
62623.000000 
63491.000000 
61897.000000 
62317.000000 
61818.000000 
62606.000000 
62426.000000 
62175.000000 
63323.000000 
60045.000000 
62186.000000 
62348.000000 
62672.000000 
62415.000000 
62084.000000 
62595.000000 
62440.000000 
61910.000000 
62014.000000 
61383.000000 
61683.000000 
62617.000000 
61826.000000 
61739.000000 
61600.000000 
61128.000000 
61058.000000 
62300.000000 
62822.000000 
61905.000000 
61973.000000 
60874.000000 
61818.000000 
60920.000000 
62339.000000 
63512.000000 
64361.000000 
61402.000000 
62337.000000 
62151.000000 
62419.000000 
61786.000000 
63337.000000 
63469.000000 
63220.000000 
62223.000000 
63537.000000 
61203.000000 
61532.000000 
61421.000000 
59907.000000 
62397.000000 
63115.000000 
63540.000000 
61139.000000 
62159.000000 
63438.000000 
61310.000000 
62144.000000 
62858.000000 
61787.000000 
62648.000000 
60743.000000 
62365.000000 
62754.000000 
61237.000000 
61667.000000 
61984.000000 
60467.000000 
61575.000000 
61361.000000 
62945.000000 
63982.000000 
63294.000000 
61612.000000 
60763.000000 
60594.000000 
63415.000000 
61310.000000 
62782.000000 
62074.000000 
61455.000000 
62859.000000 
62860.000000 
62696.000000 
62020.000000 
62912.000000 
62775.000000 
62698.000000 
62558.000000 
61853.000000 
64799.000000 
63010.000000 
63449.000000 
62838.000000 
62249.000000 
63437.000000 
62344.000000 
61891.000000 
63008.000000 
63415.000000 
62218.000000 
62705.000000 
62413.000000 
61403.000000 
62347.000000 
61080.000000 
61947.000000 
60387.000000 
61428.000000 
62291.000000 
60767.000000 
63078.000000 
62273.000000 
62296.000000 
63277.000000 
61631.000000 
61432.000000 
62480.000000 
63457.000000 
63073.000000 
62859.000000 
61519.000000 
62800.000000 
60947.000000 
63503.000000 
62949.000000 
61979.000000 
62469.000000 
64319.000000 
61666.000000 
61283.000000 
63073.000000 
63494.000000 
60828.000000 
61968.000000 
63645.000000 
61007.000000 
63078.000000 
61272.000000 
62555.000000 
61992.000000 
60727.000000 
61208.000000 
61677.000000 
62756.000000 
63297.000000 
62249.000000 
59791.000000 
62746.000000 
61739.000000 
62369.000000 
61718.000000 
60096.000000 
62095.000000 
64366.000000 
62609.000000 
62311.000000 
61716.000000 
59887.000000 
62586.000000 
62721.000000 
62231.000000 
62051.000000 
62136.000000 
62725.000000 
61135.000000 
62554.000000 
60629.000000 
63292.000000 
63470.000000 
61279.000000 
61797.000000 
61523.000000 
62468.000000 
62109.000000 
61725.000000 
63267.000000 
61401.000000 
60783.000000 
60782.000000 
61206.000000 
63571.000000 
63232.000000 
64191.000000 
62029.000000 
63167.000000 
60945.000000 
62637.000000 
62354.000000 
61928.000000 
62603.000000 
62924.000000 
63858.000000 
62831.000000 
63665.000000 
62673.000000 
61981.000000 
62520.000000 
63182.000000 
61725.000000 
62306.000000 
63514.000000 
62331.000000 
62212.000000 
61897.000000 
62210.000000 
62161.000000 
61484.000000 
61470.000000 
61765.000000 
61838.000000 
64224.000000 
63132.000000 
62768.000000 
63409.000000 
62537.000000 
63421.000000 
62242.000000 
61784.000000 
64025.000000 
62940.000000 
61224.000000 
60618.000000 
64539.000000 
62404.000000 
63431.000000 
63452.000000 
62358.000000 
61950.000000 
60640.000000 
61004.000000 
61650.000000 
61332.000000 
63298.000000 
61046.000000 
62069.000000 
61820.000000 
63000.000000 
60664.000000 
64022.000000 
62230.000000 
62082.000000 
62189.000000 
62142.000000 
60582.000000 
61805.000000 
62706.000000 
62333.000000 
61123.000000 
63017.000000 
60054.000000 
62450.000000 
62297.000000 
64116.000000 
62356.000000 
61287.000000 
61337.000000 
64258.000000 
62109.000000 
63099.000000 
62888.000000 
62501.000000 
62535.000000 
61971.000000 
62089.000000 
62971.000000 
61678.000000 
63442.000000 
61749.000000 
61314.000000 
61197.000000 
61678.000000 
61686.000000 
62877.000000 
60639.000000 
62516.000000 
62487.000000 
61610.000000 
60118.000000 
63775.000000 
62006.000000 
62654.000000 
62238.000000 
61596.000000 
63191.000000 
60754.000000 
63233.000000 
61793.000000 
61462.000000 
64016.000000 
62018.000000 
62845.000000 
62047.000000 
62092.000000 
61402.000000 
62081.000000 
62638.000000 
63362.000000 
61541.000000 
62550.000000 
61622.000000 
60944.000000 
62800.000000 
61687.000000 
62326.000000 
63407.000000 
61786.000000 
62688.000000 
61504.000000 
62539.000000 
62783.000000 
61484.000000 
61712.000000 
61668.000000 
60706.000000 
60561.000000 
62514.000000 
62608.000000 
61588.000000 
62816.000000 
63017.000000 
61347.000000 
62875.000000 
61757.000000 
62930.000000 
63666.000000 
60535.000000 
61280.000000 
63622.000000 
63150.000000 
63004.000000 
62272.000000 
61587.000000 
61566.000000 
64458.000000 
61293.000000 
64929.000000 
61690.000000 
62147.000000 
62092.000000 
62956.000000 
62092.000000 
61899.000000 
63981.000000 
61638.000000 
61990.000000 
62277.000000 
61483.000000 
62385.000000 
62106.000000 
62833.000000 
63923.000000 
62364.000000 
62476.000000 
62167.000000 
61653.000000 
60759.000000 
62091.000000 
61366.000000 
62549.000000 
61731.000000 
62711.000000 
60847.000000 
61678.000000 
62497.000000 
63069.000000 
63253.000000 
62187.000000 
62254.000000 
62173.000000 
62909.000000 
62886.000000 
63597.000000 
60937.000000 
64160.000000 
61801.000000 
63149.000000 
62268.000000 
64031.000000 
61905.000000 
63657.000000 
62319.000000 
62647.000000 
62795.000000 
61734.000000 
59594.000000 
62549.000000 
62060.000000 
61356.000000 
60694.000000 
62917.000000 
62120.000000 
63406.000000 
62804.000000 
62188.000000 
62162.000000 
62469.000000 
63192.000000 
60976.000000 
62536.000000 
63525.000000 
62052.000000 
63789.000000 
60793.000000 
61798.000000 
61141.000000 
61505.000000 
62485.000000 
62128.000000 
61116.000000 
62888.000000 
61242.000000 
61609.000000 
61628.000000 
61354.000000 
61864.000000 
63236.000000 
62814.000000 
61504.000000 
62999.000000 
63116.000000 
61536.000000 
62042.000000 
61014.000000 
62037.000000 
61784.000000 
62246.000000 
64576.000000 
61329.000000 
63930.000000 
62721.000000 
62330.000000 
62613.000000 
62553.000000 
61374.000000 
63618.000000 
61260.000000 
63163.000000 
60461.000000 
59816.000000 
62489.000000 
63708.000000 
60546.000000 
62841.000000 
60635.000000 
63219.000000 
63230.000000 
61285.000000 
63266.000000 
61915.000000 
63344.000000 
62389.000000 
63222.000000 
62367.000000 
62224.000000 
62936.000000 
63431.000000 
62290.000000 
61225.000000 
60967.000000 
61525.000000 
62509.000000 
63733.000000 
62246.000000 
60897.000000 
62167.000000 
60959.000000 
60489.000000 
60779.000000 
62639.000000 
63561.000000 
62567.000000 
63872.000000 
63132.000000 
60558.000000 
63324.000000 
62287.000000 
61258.000000 
60400.000000 
63597.000000 
61108.000000 
62051.000000 
61609.000000 
62676.000000 
61150.000000 
62962.000000 
63200.000000 
63166.000000 
62676.000000 
62423.000000 
61485.000000 
60897.000000 
62541.000000 
61716.000000 
62216.000000 
62332.000000 
62727.000000 
60630.000000 
62408.000000 
62687.000000 
62328.000000 
63095.000000 
63062.000000 
63733.000000 
61133.000000 
61245.000000 
62314.000000 
63472.000000 
60700.000000 
62682.000000 
63057.000000 
61399.000000 
60640.000000 
62958.000000 
64609.000000 
62768.000000 
62964.000000 
62818.000000 
63028.000000 
62657.000000 
63735.000000 
62936.000000 
62138.000000 
61266.000000 
61710.000000 
62823.000000 
61258.000000 
62093.000000 
61027.000000 
62748.000000 
60952.000000 
61051.000000 
61763.000000 
63111.000000 
61646.000000 
62511.000000 
60869.000000 
62866.000000 
59374.000000 
63480.000000 
61272.000000 
63930.000000 
62365.000000 
62151.000000 
62148.000000 
63508.000000 
61473.000000 
60679.000000 
60396.000000 
63538.000000 
61532.000000 
63190.000000 
61257.000000 
61360.000000 
62987.000000 
61499.000000 
61015.000000 
61190.000000 
61551.000000 
62216.000000 
61645.000000 
63147.000000 
62904.000000 
63759.000000 
60791.000000 
61482.000000 
61944.000000 
61961.000000 
62495.000000 
62558.000000 
61793.000000 
62547.000000 
61283.000000 
61595.000000 
61384.000000 
63488.000000 
62327.000000 
61899.000000 
62686.000000 
63878.000000 
62973.000000 
62287.000000 
61899.000000 
61455.000000 
62329.000000 
62332.000000 
62520.000000 
62433.000000 
61861.000000 
62427.000000 
62211.000000 
63057.000000 
61794.000000 
61116.000000 
63230.000000 
62854.000000 
63396.000000 
62556.000000 
61335.000000 
62035.000000 
62788.000000 
62370.000000 
62267.000000 
62794.000000 
61787.000000 
61124.000000 
61923.000000 
61930.000000 
62864.000000 
61361.000000 
62303.000000 
63160.000000 
60584.000000 
60774.000000 
60755.000000 
62517.000000 
62210.000000 
63502.000000 
62900.000000 
63205.000000 
62981.000000 
62393.000000 
62529.000000 
61488.000000 
62178.000000 
61271.000000 
61198.000000 
60956.000000 
61769.000000 
62518.000000 
64244.000000 
61176.000000 
62630.000000 
64240.000000 
64036.000000 
61972.000000 
62191.000000 
62428.000000 
61272.000000 
62229.000000 
63214.000000 
63560.000000 
62641.000000 
62492.000000 
61884.000000 
62138.000000 
62152.000000 
60746.000000 
61572.000000 
61202.000000 
61109.000000 
61809.000000 
62078.000000 
62708.000000 
61261.000000 
63418.000000 
60970.000000 
62325.000000 
62117.000000 
63264.000000 
60680.000000 
63138.000000 
62932.000000 
61330.000000 
63106.000000 
61374.000000 
61180.000000 
61593.000000 
62726.000000 
63832.000000 
62146.000000 
62473.000000 
60230.000000 
63135.000000 
62735.000000 
60627.000000 
62180.000000 
62135.000000 
63050.000000 
61576.000000 
61959.000000 
63917.000000 
61854.000000 
61970.000000 
63149.000000 
62480.000000 
60789.000000 
62104.000000 
62608.000000 
63946.000000 
60661.000000 
62308.000000 
62337.000000 
61013.000000 
61984.000000 
62252.000000 
62926.000000 
62265.000000 
62702.000000 
63411.000000 
63385.000000 
61599.000000 
63462.000000 
61802.000000 
64303.000000 
60979.000000 
63086.000000 
63006.000000 
61536.000000 
61764.000000 
62686.000000 
61814.000000 
62222.000000 
61348.000000 
61580.000000 
62626.000000 
